88
0,Hya,1,Vir,2,UMa,3,Cet,4,Her,5,Eri,6,Peg,7,Dra,8,Cen,9,Aqr,10,Oph,11,Leo,12,Boo,13,Psc,14,Sgr,15,Cyg,16,Tau,17,Cam,18,And,19,Pup,20,Aur,21,Aql,22,Ser,23,Per,24,Cas,25,Ori,26,Cep,27,Lyn,28,Lib,29,Gem,30,Cnc,31,Vel,32,Sco,33,Car,34,Mon,35,Scl,36,Phs,37,Cvn,38,Ari,39,Cap,40,For,41,Com,42,Cma,43,Pav,44,Gru,45,Lup,46,Sex,47,Tuc,48,Ind,49,Oct,50,Lep,51,Lyr,52,Crt,53,Col,54,Vul,55,Umi,56,Tel,57,Hor,58,Pic,59,Psa,60,Hyi,61,Ant,62,Ara,63,Lmi,64,Pyx,65,Mic,66,Aps,67,Lac,68,Dec,69,Crv,70,Cmi,71,Dor,72,CrB,73,Nor,74,Mer,75,Vol,76,Mus,77,Tri,78,Cha,79,CrA,80,Cae,81,Ret,82,TrA,83,Sct,84,Cir,85,Sge,86,Equ,87,Cru
0,148.13,-8.11,18,18,992,1409,1185,388,1259,284,731,1638,1709,45,972,522,662,282,474,1166,2567,244
1,201.65,-2.04,12,12,876,744,448,389,184,383,14,1110,1033,938,732,595
2,164.75,55.01,18,19,377,296,505,308,559,648,1633,33,91,419,270,251,352,98,582,30,79,36
3,33.61,-3.99,19,20,1309,1151,1143,2335,1914,433,112,920,267,2289,1104,2033,2382,605,450,517,426,51,493
4,257.24,33.65,18,18,610,165,174,291,1353,404,578,676,768,647,708,1534,1761,300,1731,742,1041,463
5,54.72,-26.34,28,27,8,581,484,1103,2022,968,329,1148,1975,1025,483,815,672,1089,1134,576,948,1469,755,2164,604,476,779,865,1332,167,1133,727
6,342.49,20.97,14,14,94,464,393,1038,107,987,623,800,440,97,5373,225,54,179
7,253.71,65.77,15,15,681,720,544,350,852,156,303,495,1419,678,276,611,2346,169,70
8,202.57,-48.72,17,16,56,395,739,159,268,88,288,713,113,84,10,2,64,764,122,1730,286
9,336.85,-7.18,15,14,820,1061,607,868,556,684,231,218,627,1017,1137,2224,863,341,557
10,256.61,-3.34,8,8,59,164,99,7300,2158,115,331,315
11,159.99,18.06,9,10,235,741,417,71,455,20,366,63,114
12,217.55,26.39,9,9,447,263,499,4,432,110,638,140,921
13,11.76,10.25,18,19,575,1152,2496,988,1512,862,4264,7975,1156,2291,1406,1740,666,1130,529,1810,2027,4880
14,283.73,-29.20,21,24,782,2596,629,454,49,363,123,304,35,150,175,702,285,241,1613,5810,1655,1301,981,812,1180
15,304.67,40.23,10,9,632,634,199,66,103,316,1986,278,754,18
16,67.16,17.93,12,12,515,406,547,396,12,242,619,533,1173,467,1141,26
17,60.88,67.51,5,5,1187,2577,1060,1738,2927
18,14.52,36.27,6,5,78,55,342,54,722,1575
19,112.38,-38.12,7,7,173,75,334,224,305,151,372
20,81.81,38.60,6,6,39,129,26,146,615,5
21,293.63,6.30,9,8,152,11,590,869,237,379,756,326,416
22,236.61,7.35,12,11,945,695,552,652,133,583,468,1234,475,1099,335,1715
23,52.61,42.98,11,10,620,223,32,249,207,883,190,679,61,391,1080
24,14.79,60.17,5,4,374,139,65,72,81
25,84.12,6.83,20,23,1769,1355,2564,1439,1374,979,9,453,25,73,28,53,57,6,312,569,4082,1457,1284,1808
26,332.26,67.72,5,6,320,456,373,101,325
27,126.90,45.65,8,7,292,665,1635,823,1106,1734,1269,1425
28,230.17,-16.43,5,5,124,160,347,774,1000
29,106.18,24.43,17,16,15,496,917,644,22,1354,514,466,503,646,376,41,236,993,204,346,1018
30,129.94,19.28,6,5,1115,787,1819,870,3241,462
31,143.41,-49.76,10,10,148,687,686,510,68,31,512,43,109,470
32,254.27,-34.86,13,12,128,86,206,13,176,82,245,1989,365,38,259,96,23
33,141.02,-61.65,13,12,27,353,161,1646,773,640,669,392,76,410,1227,37,1
34,104.61,-2.13,7,6,785,1255,1002,1711,833,1380,6064
35,359.41,-33.19,3,3,1202,1366,1303
36,14.22,-46.86,8,11,740,95,790,778,358,402,801,1371
37,191.24,39.28,2,1,1125,209
38,31.64,22.65,4,3,735,132,46,528
39,316.27,-16.22,9,9,196,571,1168,608,931,969,280,997,498
40,44.95,-30.17,2,1,729,1453
41,195.34,25.34,3,2,1283,1124,1216
42,103.69,-22.77,16,17,927,962,1311,0,255,34,707,102,436,21,444,254,15832,796,1583,44
43,292.20,-65.70,11,13,530,1271,1298,1063,1401,859,799,485,42,1074,409
44,338.48,-44.69,9,9,250,1447,29,821,1169,758,60,978,441
45,231.52,-42.74,12,13,794,6333,398,166,1239,399,892,85,1268,138,322,491
46,155.00,-0.83,2,1,2987,1484
47,351.85,-60.69,4,3,193,839,1092,1539
48,314.33,-52.69,3,3,548,1337,283
49,315.14,-83.15,3,3,1004,617,1224
50,82.52,-17.38,13,14,1416,1300,355,314,186,119,516,663,478,591,1857,3927,1171
51,282.46,35.76,5,5,3,1245,1195,330,425
52,171.69,-16.43,8,9,1444,937,492,2235,1892,3378,1974,936
53,88.84,-36.00,7,6,814,287,131,726,1277,1315,705
54,296.04,26.77,2,1,1789,1411
55,234.37,79.03,7,7,48,1258,1079,1184,58,260,2587
56,277.48,-47.51,2,1,989,446
57,48.44,-53.33,3,2,716,3549,3151
58,90.20,-56.64,3,2,336,1551,704
59,335.11,-30.25,7,6,1059,1179,2489,2791,4502,1021,16
60,37.41,-70.61,5,4,172,332,958,944,194
61,153.77,-33.40,2,1,1118,3615
62,261.09,-55.33,7,7,621,513,361,187,551,188,290
63,155.78,33.91,4,4,1625,1485,674,1056
64,131.59,-33.90,3,2,861,565,825
65,316.51,-30.13,3,2,1948,1860,2428
66,242.89,-78.61,3,2,1095,745,675
67,336.67,47.70,6,6,1391,626,1654,1287,1530,980
68,310.15,15.64,5,5,1390,1136,625,535,874
69,185.81,-20.04,5,5,227,120,136,247,872
70,113.42,6.69,2,1,7,210
71,78.40,-61.08,5,5,1813,1262,624,339,1119
72,235.40,28.00,7,6,991,561,69,683,1755,1001,2666
73,243.95,-50.43,4,5,1798,1468,867,2551
74,75.29,-74.34,2,1,3467,5095
75,121.52,-69.56,6,7,797,633,1272,628,841,828
76,186.66,-69.19,4,4,144,273,688,542
77,32.10,32.98,3,3,848,248,401
78,156.33,-79.54,3,2,922,960,1120
79,285.01,-38.59,10,9,4205,2014,1676,965,955,1086,2342,4221,3187,3344
80,69.33,-41.87,3,2,2966,1436,2925
81,60.41,-61.96,4,4,1410,375,1640,706
82,240.90,-67.17,3,3,189,40,202
83,280.76,-9.17,4,4,1073,701,1896,3099
84,227.26,-61.89,3,2,928,313,1542
85,299.25,21.00,5,4,3078,435,668,1313,1314
86,319.20,8.15,4,4,3321,1501,1900,777
87,188.12,-59.90,4,2,24,19,168,17
0,0,992,1409,N857010418,N858006197
0,1,1409,1185,N858006197,N83P005765
0,2,1185,1259,N83P005765,N8W8011433
0,3,1259,388,N8W8011433,N8XG015983
0,4,388,992,N8XG015983,N857010418
0,5,1259,284,N8W8011433,N8WA010651
0,6,284,731,N8WA010651,N6Q7000099
0,7,731,1638,N6Q7000099,S4YU000526
0,8,1638,1709,S4YU000526,S4ZA000350
0,9,1709,45,S4ZA000350,S4YL000202
0,10,45,972,S4YL000202,S50S010693
0,11,972,522,S50S010693,S50E006841
0,12,522,662,S50E006841,S5D1011073
0,13,662,282,S5D1011073,S5IQ009305
0,14,282,474,S5IQ009305,S5BG013129
0,15,474,1166,S5BG013129,S5B4016223
0,16,1166,2567,S5B4016223,S6Y6018782
0,17,2567,244,S6Y6018782,S6XW014843
1,0,876,744,N6C7005817,S6D0000001
1,1,744,448,S6D0000001,S6HF000032
1,2,448,389,S6HF000032,N4TT000170
1,3,389,184,N4TT000170,N5GT006152
1,4,448,14,S6HF000032,S6ZX000088
1,5,14,383,S6ZX000088,S6RN000026
1,6,383,389,S6RN000026,N4TT000170
1,7,14,1033,S6ZX000088,S6VW009368
1,8,1033,938,S6VW009368,S6W8003338
1,9,938,732,S6W8003338,S6Q0002483
1,10,383,1110,S6RN000026,N527000182
1,11,1110,595,N527000182,N4Y7000126
2,0,36,79,N5NB000021,N4BY000162
2,1,79,30,N4BY000162,N4C3000142
2,2,30,352,N4C3000142,N4B7007942
2,3,352,98,N4B7007942,N7J1008004
2,4,98,582,N7J1008004,N7IL010150
2,5,582,251,N7IL010150,N94V005036
2,6,251,270,N94V005036,N9A2009378
2,7,251,419,N94V005036,N99X004028
2,8,352,33,N4B7007942,N7KN000180
2,9,98,91,N7J1008004,N7OY000072
2,10,91,33,N7OY000072,N7KN000180
2,11,91,1633,N7OY000072,N7MG002388
2,12,33,559,N7KN000180,N7Q6005093
2,13,559,377,N7Q6005093,N7QF004473
2,14,377,648,N7QF004473,N7MT004200
2,15,648,1633,N7MT004200,N7MG002388
2,16,1633,308,N7MG002388,N958010208
2,17,308,296,N958010208,N9CC000348
2,18,308,505,N958010208,N9DH005335
3,0,493,51,S06K000056,S0Q8000081
3,1,51,426,S0Q8000081,S0NP000178
3,2,51,450,S0Q8000081,S509
3,3,426,517,S0NP000178,S0OM000156
3,4,517,605,S0OM000156,S0JZ000157
3,5,605,2382,S0JZ000157,S2QO000031
3,6,2382,2289,S2QO000031,S2KX000159
3,7,450,2033,S509,S2N6000240
3,8,2033,1104,S2N6000240,S2R1000274
3,9,1104,2289,S2R1000274,S2KX000159
3,10,2289,267,S2KX000159,S681
3,11,267,920,S681,NB9K000143
3,12,920,433,NB9K000143,NB9H002652
3,13,433,2335,NB9H002652,NBAX005889
3,14,2335,1151,NBAX005889,NBA7000070
3,15,433,112,NB9H002652,NC27005691
3,16,112,1914,NC27005691,NC3J000013
3,17,1914,1143,NC3J000013,NC33004251
3,18,1143,1151,NC33004251,NBA7000070
3,19,1151,1309,NBA7000070,NBFU004648
4,0,610,165,N3R8010967,N3RE014164
4,1,165,174,N3RE014164,N61L021860
4,2,174,768,N61L021860,N3FV012764
4,3,768,300,N3FV012764,N3DP014894
4,4,768,1353,N3FV012764,N3HO015730
4,5,1353,291,N3HO015730,N3HF012103
4,6,1353,404,N3HO015730,N3I1023410
4,7,404,578,N3I1023410,N3H7028462
4,8,578,676,N3H7028462,N21X000169
4,9,174,463,N61L021860,N63J006668
4,10,463,1041,N63J006668,N64D000013
4,11,1041,742,N64D000013,N63R000392
4,12,742,1731,N63R000392,N5ZL006443
4,13,463,300,N63J006668,N3DP014894
4,14,300,1761,N3DP014894,N3DP012574
4,15,1761,1534,N3DP012574,N3DO006119
4,16,1534,708,N3DO006119,N3DY019898
4,17,708,647,N3DY019898,N5XQ000447
5,0,8,581,S472,S2UD000271
5,1,581,484,S2UD000271,S2UT000343
5,2,484,1103,S2UT000343,S2UW000179
5,3,1103,2022,S2UW000179,S31O000009
5,4,2022,968,S31O000009,S352000254
5,5,968,329,S352000254,S350000327
5,6,329,1148,S350000327,S1008
5,7,1148,1975,S1008,S337000466
5,8,1975,1025,S337000466,S335000240
5,9,1025,483,S335000240,S2GT000092
5,10,483,815,S2GT000092,S2GU000405
5,11,815,672,S2GU000405,S2G4000029
5,12,672,1089,S2G4000029,S2OB000053
5,13,1089,1134,S2OB000053,S2PQ000340
5,14,1134,576,S2PQ000340,S1003
5,15,576,948,S1003,S2PV000293
5,16,948,1469,S2PV000293,S2R8000233
5,17,1469,755,S2R8000233,S2M5000176
5,18,755,2164,S2M5000176,S2LH000308
5,19,2164,604,S2LH000308,S1SH000077
5,20,604,476,S1SH000077,S1YN000031
5,21,476,779,S1YN000031,S2A5000135
5,22,779,865,S2A5000135,S1MU000364
5,23,865,1332,S1MU000364,S1O8000535
5,24,1332,167,S1O8000535,S1O3000417
5,25,167,1133,S1O3000417,S1N5000117
5,26,1133,727,S1N5000117,S2CF000187
6,0,5373,225,N2WN023878,N09Z002827
6,1,225,97,N09Z002827,N09J014018
6,2,987,623,N2YW038878,N2YR010423
6,3,623,800,N2YR010423,N0MF011495
6,4,800,440,N0MF011495,N09L008289
6,5,440,97,N09L008289,N09J014018
6,6,94,464,N0KF005090,N0GL000270
6,7,464,393,N0GL000270,N0OB000252
6,8,393,1038,N0OB000252,N0RO018133
6,9,1038,107,N0RO018133,N0QT000338
6,10,107,97,N0QT000338,N09J014018
6,11,97,54,N09J014018,NBJ9000154
6,12,54,179,NBJ9000154,NB7H000212
6,13,179,107,NB7H000212,N0QT000338
7,0,681,720,N7R5005961,N4N6000004
7,1,720,544,N4N6000004,N4PF000017
7,2,544,350,N4PF000017,N4JO008094
7,3,350,852,N4JO008094,N4H6009047
7,4,852,156,N4H6009047,N4HV000286
7,5,156,303,N4HV000286,N4EC000330
7,6,303,495,N4EC000330,N0UI009022
7,7,495,1419,N0UI009022,N0VV010604
7,8,1419,678,N0VV010604,N1IP014768
7,9,678,276,N1IP014768,N1IZ017357
7,10,276,611,N1IZ017357,N4IO011177
7,11,611,2346,N4IO011177,N4D2000041
7,12,611,70,N4IO011177,N4D4032138
7,13,2346,169,N4D2000041,N4DU000976
7,14,169,70,N4DU000976,N4D4032138
8,0,56,395,S97L000535,S98S027415
8,1,395,739,S98S027415,S9A0018973
8,2,395,268,S98S027415,S5193
8,3,739,159,S9A0018973,S97A000180
8,4,268,88,S5193,S9DB000401
8,5,88,288,S9DB000401,S9DC001288
8,6,268,713,S5193,S95J064939
8,7,713,113,S95J064939,S968001374
8,8,113,84,S968001374,S7MA000874
8,9,113,64,S968001374,S4819
8,10,84,10,S7MA000874,S7N2000390
8,11,10,2,S7N2000390,S7QX000689
8,12,64,764,S4819,S7JP000584
8,13,764,122,S7JP000584,S7JS000398
8,14,122,1730,S7JS000398,S46J000495
8,15,1730,286,S46J000495,S4AI015419
9,0,820,1061,SBR2004176,SB7X004621
9,1,1061,607,SB7X004621,SBS7003723
9,2,607,868,SBS7003723,SB40000055
9,3,868,556,SB40000055,SBCW000010
9,4,556,684,SBCW000010,SBDA000221
9,5,684,231,SBDA000221,SBDK006306
9,6,231,218,SBDK006306,SBAQ000245
9,7,231,1017,SBDK006306,SBE7006349
9,8,218,627,SBAQ000245,SC2K000265
9,9,1017,1137,SBE7006349,SBBP000051
9,10,1017,2224,SBE7006349,SBRY000104
9,11,2224,863,SBRY000104,SBUJ009103
9,12,863,341,SBUJ009103,SBUN000116
9,13,341,557,SBUN000116,SBQA008060
10,0,59,164,N387000235,N376003183
10,1,59,315,N387000235,N3TR004720
10,2,164,99,N376003183,S8ND069189
10,3,99,7300,S8ND069189,S8KL050074
10,4,99,115,S8ND069189,S8LZ000074
10,5,7300,2158,S8KL050074,S8D4026625
10,6,115,331,S8LZ000074,S88N016956
10,7,315,331,N3TR004720,S88N016956
11,0,235,741,N8XZ005089,N9AH000370
11,1,741,417,N9AH000370,N6WW009521
11,2,71,417,N6X3000071,N6WW009521
11,3,71,455,N6X3000071,N6UT000052
11,4,71,114,N6X3000071,N712000181
11,5,455,20,N6UT000052,N6VA000044
11,6,20,366,N6VA000044,N71L008991
11,7,63,366,N6EU000049,N71L008991
11,8,63,114,N6EU000049,N712000181
11,9,114,366,N712000181,N71L008991
12,0,447,263,N67C004126,N69U000294
12,1,447,432,N67C004126,N6B4010768
12,2,263,499,N69U000294,N69E009025
12,3,499,4,N69E009025,N5VF000292
12,4,4,110,N5VF000292,N68V002900
12,5,4,638,N5VF000292,N5WE012017
12,6,4,140,N5VF000292,N4ZU003925
12,7,432,110,N6B4010768,N68V002900
12,8,140,921,N4ZU003925,N50A006335
13,0,575,1152,N065010450,N071002202
13,1,575,2496,N065010450,N01A013009
13,2,1152,988,N071002202,N01C000089
13,3,988,1512,N01C000089,N01J006725
13,4,1512,2496,N01J006725,N01A013009
13,5,988,862,N01C000089,N00R002672
13,6,862,4264,N00R002672,NB85002701
13,7,4264,7975,NB85002701,NB4M001158
13,8,7975,1156,NB4M001158,NBS6002643
13,9,1156,2291,NBS6002643,NBSO000256
13,10,2291,1406,NBSO000256,NBEE009110
13,11,1406,1740,NBEE009110,NBEL001656
13,12,1740,666,NBEL001656,NBDQ006378
13,13,666,1130,NBDQ006378,NBDU008781
13,14,1130,529,NBDU008781,NBOT002455
13,15,529,1810,NBOT002455,NBL0014479
13,16,1810,2027,NBL0014479,NBLO008131
13,17,1810,4880,NBL0014479,NBKU000016
13,18,4880,2027,NBKU000016,NBLO008131
14,0,782,2596,SA38000589,SA40004227
14,1,2596,629,SA40004227,SA3M022766
14,2,629,454,SA3M022766,SA8J085955
14,3,454,49,SA8J085955,S9QP004411
14,4,49,363,S9QP004411,S9RM049581
14,5,363,123,S9RM049581,S9RF000024
14,6,123,304,S9RF000024,S9U7000082
14,7,304,49,S9U7000082,S9QP004411
14,8,123,35,S9RF000024,S9UC000389
14,9,35,150,S9UC000389,S9SK079645
14,10,150,304,S9SK079645,S9U7000082
14,11,304,175,S9U7000082,S9T1000704
14,12,175,150,S9T1000704,S9SK079645
14,13,175,702,S9T1000704,SA6L000605
14,14,35,285,S9UC000389,S9PT000008
14,15,241,150,S9ST000189,S9SK079645
14,16,241,35,S9ST000189,S9UC000389
14,17,241,1613,S9ST000189,S8DY048326
14,18,363,5810,S9RM049581,S9Q9014206
14,19,5810,1655,S9Q9014206,SCGF030992
14,20,1655,1301,SCGF030992,SCDI000411
14,21,1301,981,SCDI000411,SCEN007540
14,22,981,812,SCEN007540,SCEY047076
14,23,981,1180,SCEN007540,SCFE040409
15,0,632,634,N15V013944,N2HC000485
15,1,634,199,N2HC000485,N2K8001039
15,2,199,66,N2K8001039,N30W022497
15,3,66,103,N30W022497,N35N076338
15,4,103,316,N35N076338,N34M044304
15,5,316,1986,N34M044304,N30C000829
15,6,278,754,N22U114751,N2FU000148
15,7,754,66,N2FU000148,N30W022497
15,8,66,18,N30W022497,N316000613
16,0,515,406,NC2H007224,NA08002772
16,1,406,547,NA08002772,NA06007730
16,2,547,396,NA06007730,NA3J000287
16,3,547,619,NA06007730,NA3F006853
16,4,396,12,NA3J000287,NA3A000064
16,5,12,242,NA3A000064,NA6D000903
16,6,619,533,NA3F006853,NC3Q000366
16,7,619,1173,NA3F006853,NA3E000089
16,8,1173,467,NA3E000089,NA49007826
16,9,12,467,NA3A000064,NA49007826
16,10,467,1141,NA49007826,NA3O017227
16,11,26,1141,N9TW000100,NA3O017227
17,0,1187,2577,NAYC000685,NAVK026326
17,1,2577,1060,NAVK026326,NAVS000032
17,2,1060,1738,NAVS000032,NAXR025740
17,3,1738,1187,NAXR025740,NAYC000685
17,4,2927,1738,NAFN002713,NAXR025740
18,0,78,55,NC01028653,NBXF012780
18,1,55,342,NBXF012780,NBNJ004029
18,2,342,54,NBNJ004029,NBJ9000154
18,3,722,55,NBV5000170,NBXF012780
18,4,1575,722,NBVG000021,NBV5000170
19,0,173,75,S5S6084807,S62R000376
19,1,75,334,S62R000376,S64E061309
19,2,334,224,S64E061309,S4DI027892
19,3,224,305,S4DI027892,S5YT000278
19,4,305,151,S5YT000278,S63H094822
19,5,151,372,S63H094822,S64G001341
19,6,372,173,S64G001341,S5S6084807
20,0,39,129,NC8W000069,N9PI000147
20,1,129,26,N9PI000147,N9TW000100
20,2,26,146,N9TW000100,N9R7008075
20,3,146,615,N9R7008075,NCA3006717
20,4,615,5,NCA3006717,NCAJ000794
20,5,5,39,NCAJ000794,NC8W000069
21,0,152,11,N1XF015463,N1XI000338
21,1,11,590,N1XI000338,N1WO071522
21,2,11,379,N1XI000338,N2A7073920
21,3,869,237,N2BU042641,N2D6000826
21,4,237,379,N2D6000826,N2A7073920
21,5,379,756,N2A7073920,N1X4059465
21,6,756,326,N1X4059465,S9Y8000710
21,7,379,416,N2A7073920,S9MC000031
22,0,945,695,N5T0028649,N3P5000312
22,1,945,552,N5T0028649,N3O9008930
22,2,695,552,N3P5000312,N3O9008930
22,3,552,652,N3O9008930,S5788
22,4,652,133,S5788,N3QO008429
22,5,133,583,N3QO008429,N3QN000141
22,6,583,468,N3QN000141,S89P000116
22,7,1234,475,S80Z000372,S81I012955
22,8,475,1099,S81I012955,S81F053944
22,9,1099,335,S81F053944,S9J2051021
22,10,335,1715,S9J2051021,N1O1026948
23,0,1080,391,NCLM034609,NCMC004011
23,1,391,61,NCMC004011,NCIW000232
23,2,61,32,NCIW000232,NCAV000586
23,3,32,223,NCAV000586,NCHS016837
23,4,223,620,NCHS016837,NAIP009997
23,5,32,249,NCAV000586,NCC9000514
23,6,249,207,NCC9000514,NCE9000152
23,7,207,883,NCE9000152,NCDQ001165
23,8,883,190,NCDQ001165,NCHK001209
23,9,190,679,NCHK001209,NCHL009674
24,0,374,139,NB0W037065,NAMN000794
24,1,139,65,NAMN000794,NAMC000196
24,2,65,72,NAMC000196,NAMT026230
24,3,72,81,NAMT026230,NAL9000445
25,0,1769,1355,N801023781,N9J7028911
25,1,1769,2564,N801023781,N81O000144
25,2,2564,1439,N81O000144,N81P027530
25,3,1439,1374,N81P027530,N80Q000061
25,4,1374,1355,N80Q000061,N9J7028911
25,5,1374,979,N80Q000061,N7XF020645
25,6,1439,979,N81P027530,N7XF020645
25,7,979,9,N7XF020645,N9I5000041
25,8,9,453,N9I5000041,N9O7000366
25,9,9,53,N9I5000041,S1948
25,10,453,25,N9O7000366,N9O9000293
25,11,25,73,N9O9000293,S1852
25,12,73,28,S1852,S1903
25,13,28,53,S1903,S1948
25,14,53,57,S1948,S2004
25,15,57,6,S2004,S1713
25,16,6,73,S1713,S1852
25,17,25,312,N9O9000293,NA60016012
25,18,312,569,NA60016012,N9L4010280
25,19,569,4082,N9L4010280,N9MI011384
25,20,4082,1457,N9MI011384,N9MH008105
25,21,312,1284,NA60016012,NA58000013
25,22,1284,1808,NA58000013,NA58000357
26,0,320,456,N0WJ009891,N1GK017434
26,1,320,325,N0WJ009891,N1JD000193
26,2,456,325,N1GK017434,N1JD000193
26,3,325,101,N1JD000193,N1ED000206
26,4,101,373,N1ED000206,N1BE039114
26,5,373,456,N1BE039114,N1GK017434
27,0,292,665,N9GO011360,N9GS007869
27,1,665,1635,N9GS007869,N9GN002054
27,2,1635,823,N9GN002054,N9DC006935
27,3,823,1106,N9DC006935,N9CI013796
27,4,1106,1734,N9CI013796,N8UQ015754
27,5,1734,1269,N8UQ015754,N7I3001580
27,6,1269,1425,N7I3001580,N7FI008482
28,0,124,160,S8XB000006,S92U000066
28,1,160,347,S92U000066,S9E8025969
28,2,347,774,S9E8025969,S903006278
28,3,774,124,S903006278,S8XB000006
28,4,774,1000,S903006278,S86C017960
29,0,15,917,N8R2000085,N8E9006737
29,1,496,917,N8E8010869,N8E9006737
29,2,917,644,N8E9006737,N8EF005395
29,3,22,1354,N8S7000919,N8EY008657
29,4,644,1354,N8EF005395,N8EY008657
29,5,1354,514,N8EY008657,N8GJ000174
29,6,917,466,N8E9006737,N8JD015932
29,7,466,503,N8JD015932,N8NO000141
29,8,466,646,N8JD015932,S2650
29,9,503,376,N8NO000141,N8K0034353
29,10,646,41,S2650,N8KC000223
29,11,1354,236,N8EY008657,N8CX005578
29,12,236,993,N8CX005578,N8L8039578
29,13,236,204,N8CX005578,N8JS012537
29,14,204,346,N8JS012537,N8JX013731
29,15,346,1018,N8JX013731,N8CJ007903
30,0,1115,787,N8X4016616,N92W006515
30,1,787,1819,N92W006515,N90P000425
30,2,1819,870,N90P000425,N9EM011068
30,3,1819,3241,N90P000425,N9FF005852
30,4,787,462,N92W006515,N8A5000030
31,0,148,687,S5K2027813,S5PA008973
31,1,687,686,S5PA008973,S5OS007857
31,2,686,510,S5OS007857,S66P079689
31,3,510,68,S66P079689,S67M000909
31,4,68,31,S67M000909,S60I001731
31,5,31,512,S60I001731,S5Z6109654
31,6,512,43,S5Z6109654,S4G1000481
31,7,43,109,S4G1000481,S476001225
31,8,109,470,S476001225,S484000575
31,9,470,148,S484000575,S5K2027813
32,0,13,128,S8EN000398,S85R000047
32,1,13,86,S8EN000398,S8ZL045594
32,2,13,206,S8EN000398,S9E6001153
32,3,13,176,S8EN000398,S8EF000454
32,4,176,82,S8EF000454,S8RN061546
32,5,82,245,S8RN061546,S8V6020959
32,6,245,1989,S8V6020959,S8PG013052
32,7,1989,365,S8PG013052,S8QL010082
32,8,365,38,S8QL010082,S8P2000738
32,9,38,259,S8P2000738,S8AT047266
32,10,259,96,S8AT047266,S8CC000200
32,11,96,23,S8CC000200,S8C1000382
33,0,27,353,S4P1001047,S4OU061480
33,1,353,161,S4OU061480,S49Y000198
33,2,161,1646,S49Y000198,S4B2051577
33,3,1646,773,S4B2051577,S4CB024114
33,4,773,640,S4CB024114,S4CA063115
33,5,640,669,S4CA063115,S4AZ022764
33,6,669,392,S4AZ022764,S4AQ008780
33,7,392,76,S4AQ008780,S4JS000269
33,8,76,410,S4JS000269,S4JU086018
33,9,410,1227,S4JU086018,S4L4000949
33,10,1227,37,S4L4000949,S4H0000565
33,11,37,1,S4H0000565,S4DU000100
34,0,785,1255,S3MB046407,S3Q9003267
34,1,1255,1002,S3Q9003267,S39J000137
34,2,1002,1711,S39J000137,S2356
34,3,1002,1380,S39J000137,N7X0000470
34,4,1711,833,S2356,S36F000012
34,5,1380,6064,N7X0000470,N7WS028694
35,0,1202,1366,S0A8000123,SBN6004406
35,1,1202,1303,S0A8000123,SBI6000070
35,2,1303,1366,SBI6000070,SBN6004406
36,0,740,95,S2RN000271,S2RV000048
36,1,790,740,S2RU000001,S2RN000271
36,2,790,95,S2RU000001,S2RV000048
36,3,790,778,S2RU000001,S1CS000043
36,4,790,358,S2RU000001,S2S7000264
36,5,790,402,S2RU000001,S2YM000047
36,6,778,358,S1CS000043,S2S7000264
36,7,358,402,S2S7000264,S2YM000047
36,8,358,801,S2S7000264,S2XT000211
36,9,358,1371,S2S7000264,S2UO000021
36,10,801,1371,S2XT000211,S2UO000021
37,0,1125,209,N5KO009583,N5JN007167
38,0,735,132,NBBG000129,NBBH000158
38,1,132,46,NBBH000158,NC5P009599
38,2,46,528,NC5P009599,NCK1011643
39,0,196,571,SC61020240,SC65001635
39,1,571,1168,SC65001635,SC7T002436
39,2,1168,608,SC7T002436,SC6D017362
39,3,608,931,SC6D017362,SC8R000049
39,4,1168,931,SC7T002436,SC8R000049
39,5,931,969,SC8R000049,SCGZ000647
39,6,931,280,SC8R000049,SC4H000592
39,7,280,997,SC4H000592,SCGX027596
39,8,280,498,SC4H000592,S9ZN000121
40,0,729,1453,S963,S34N000366
41,0,1283,1124,N580003203,N5A7016311
41,1,1124,1216,N5A7016311,N5IR000195
42,0,927,962,S3WI026236,S3Y4014076
42,1,1311,962,S3Y3000450,S3Y4014076
42,2,1311,927,S3Y3000450,S3WI026236
42,3,1311,0,S3Y3000450,S3VV000636
42,4,0,255,S3VV000636,S3S1000904
42,5,255,34,S3S1000904,S3FE001443
42,6,34,707,S3FE001443,S3G9001192
42,7,707,102,S3G9001192,S2827
42,8,34,436,S3FE001443,S3FB000917
42,9,436,21,S3FB000917,S2618
42,10,21,444,S2618,S3JJ000033
42,11,21,254,S2618,S3H3000780
42,12,15832,436,S2583,S3FB000917
42,13,15832,796,S2583,S3WD031593
42,14,0,796,S3VV000636,S3WD031593
42,15,796,1583,S3WD031593,S3VF037423
42,16,796,44,S3WD031593,S3UW000385
43,0,530,1271,S7F3000874,SAQ3000706
43,1,1271,1298,SAQ3000706,SARA000246
43,2,1271,1063,SAQ3000706,SAQD000151
43,3,1298,1063,SARA000246,SAQD000151
43,4,1063,1401,SAQD000151,SAX7016670
43,5,1401,859,SAX7016670,SADN013690
43,6,859,799,SADN013690,SAXL021540
43,7,799,485,SAXL021540,SB1I019981
43,8,485,1401,SB1I019981,SAX7016670
43,9,485,42,SB1I019981,SARW000378
43,10,485,409,SB1I019981,SB1T006197
43,11,1074,42,SB11008863,SARW000378
43,12,1074,409,SB11008863,SB1T006197
44,0,250,1447,SBWY000430,SC0D018443
44,1,1447,29,SC0D018443,SBYS000123
44,2,29,821,SBYS000123,SC1P008765
44,3,821,1169,SC1P008765,SBW2010872
44,4,1169,758,SBW2010872,SBWE010769
44,5,758,60,SBWE010769,SC0M005292
44,6,60,29,SC0M005292,SBYS000123
44,7,60,978,SC0M005292,SAHQ003907
44,8,60,441,SC0M005292,SBVK000386
45,0,794,6333,S9EV000784,S8RJ038474
45,1,794,398,S9EV000784,S8R5000634
45,2,398,166,S8R5000634,S9CJ019191
45,3,166,1239,S9CJ019191,S9CI014573
45,4,1239,399,S9CI014573,S8SI114583
45,5,399,892,S8SI114583,S953000899
45,6,399,85,S8SI114583,S9DG002125
45,7,85,1268,S9DG002125,S95L085681
45,8,85,138,S9DG002125,S9DF001894
45,9,138,322,S9DF001894,S9CM001779
45,10,322,491,S9CM001779,S9FR065124
45,11,322,166,S9CM001779,S9CJ019191
45,12,6333,398,S8RJ038474,S8R5000634
46,0,2987,1484,S5FK008730,S52W005210
47,0,193,839,SAJI006562,SAMY006556
47,1,839,1092,SAMY006556,S77
47,2,839,1539,SAMY006556,S1A7000184
48,0,548,1337,SAVG026109,SBY9000051
48,1,548,283,SAVG026109,SCJ8011276
48,2,283,1337,SCJ8011276,SBY9000051
49,0,1004,617,SAAM022756,SAFC004254
49,1,617,1224,SAFC004254,S75D000426
49,2,1004,1224,SAAM022756,S75D000426
50,0,1416,1300,S2BK000245,S28G000219
50,1,1300,355,S28G000219,S28N000128
50,2,355,119,S28N000128,S29K000432
50,3,355,314,S28N000128,S2CG000055
50,4,314,186,S2CG000055,S29J000040
50,5,186,119,S29J000040,S29K000432
50,6,186,516,S29J000040,S289000308
50,7,516,663,S289000308,S281000363
50,8,663,119,S281000363,S29K000432
50,9,119,478,S29K000432,S1Q5000364
50,10,478,591,S1Q5000364,S1P5000050
50,11,591,1857,S1P5000050,S38L000186
50,12,3927,1171,S1PF000194,S28I000036
50,13,1171,355,S28I000036,S28N000128
51,0,3,1245,N207000232,N20E032659
51,1,1245,1195,N20E032659,N2DV062370
51,2,1245,425,N20E032659,N25B026626
51,3,330,1195,N235000570,N2DV062370
51,4,330,425,N235000570,N25B026626
52,0,1444,937,S5ER011425,S5ID006917
52,1,937,492,S5ID006917,S5EN008422
52,2,492,2235,S5EN008422,S4WE001437
52,3,2235,1892,S4WE001437,S4XL010743
52,4,1892,3378,S4XL010743,S4UC011814
52,5,1974,3378,S4UJ001969,S4UC011814
52,6,1974,936,S4UJ001969,S5FD000172
52,7,936,492,S5FD000172,S5EN008422
52,8,1444,936,S5ER011425,S5FD000172
53,0,131,726,S25L000235,S20G000100
53,1,287,131,S1ZZ000116,S25L000235
53,2,287,1277,S1ZZ000116,S1ZM000017
53,3,287,814,S1ZZ000116,S1Z5000316
53,4,1277,1315,S1ZM000017,S3E1000306
53,5,1315,705,S3E1000306,S3IV000143
54,0,1789,1411,N32N067688,N22X000459
55,0,48,1258,NA9S002719,N3YH007285
55,1,1258,1079,N3YH007285,N3ZH006881
55,2,1079,1184,N3ZH006881,N454007289
55,3,1184,58,N454007289,N40G007933
55,4,58,260,N40G007933,N4LT002950
55,5,260,2587,N4LT002950,N42Z002704
55,6,1184,2587,N454007289,N42Z002704
56,0,989,446,SAO8000617,SC93021071
57,0,716,3549,S2IT000108,S2TE000335
57,1,3549,3151,S2TE000335,S1F9000153
58,0,336,1551,S4FM000061,S15C000066
58,1,1551,704,S15C000066,S113000156
59,0,1059,1179,SBKH000021,SBXY000115
59,1,1179,2489,SBXY000115,SBY3000132
59,2,2489,2791,SBY3000132,SCL3000084
59,3,2791,4502,SCL3000084,SCJT019979
59,4,4502,1021,SCJT019979,SBLO000037
59,5,1021,16,SBLO000037,SBLC000222
60,0,172,332,S98,S1208
60,1,332,958,S1208,S1KN000143
60,2,958,944,S1KN000143,S1JC000017
60,3,944,194,S1JC000017,S1B5000267
61,0,1118,3615,S5MF018663,S5LP042421
62,0,621,513,S7I2012392,S7F9030263
62,1,513,361,S7F9030263,S7H3001955
62,2,361,187,S7H3001955,S7H3020123
62,3,187,551,S7H3020123,SAO4000279
62,4,551,188,SAO4000279,S7CQ030716
62,5,188,290,S7CQ030716,S7HT024440
62,6,290,621,S7HT024440,S7I2012392
63,0,1625,1485,N9AP000068,N97W001855
63,1,1485,674,N97W001855,N974001035
63,2,674,1056,N974001035,N978001675
63,3,1056,1485,N978001675,N97W001855
64,0,861,565,S65E071654,S6B4000972
64,1,565,825,S6B4000972,S6AZ107145
65,0,1948,1860,SCM0000250,SCM4021181
65,1,1860,2428,SCM4021181,SCMR021034
66,0,675,745,S7B3023430,S7AE025307
66,1,745,1095,S7AE025307,S76Z004160
67,0,1391,626,N2U9225717,N2XT001006
67,1,1391,1654,N2U9225717,N2UA001019
67,2,626,1287,N2XT001006,N2Y6085698
67,3,1654,1287,N2UA001019,N2Y6085698
67,4,1287,1530,N2Y6085698,N2YN000870
67,5,1530,980,N2YN000870,N2W8043588
68,0,1136,1390,N2QI029364,N2QK025767
68,1,1136,625,N2QI029364,N2QH000639
68,2,1390,535,N2QK025767,N2QL012821
68,3,625,535,N2QH000639,N2QL012821
68,4,535,874,N2QL012821,N2LF000737
69,0,227,120,S71G000262,S6DH000150
69,1,227,136,S71G000262,S715018060
69,2,120,247,S6DH000150,S70H004853
69,3,136,247,S715018060,S70H004853
69,4,247,872,S70H004853,S6MN004653
70,0,7,210,N88N000147,N8M2026132
71,0,1813,1262,S138000462,S13J000431
71,1,1262,624,S13J000431,S14T000527
71,2,624,1813,S14T000527,S138000462
71,3,624,339,S14T000527,S15Y000016
71,4,339,1119,S15Y000016,S2HP000280
72,0,991,561,N65V000219,N65M000382
72,1,561,69,N65M000382,N65W000038
72,2,69,683,N65W000038,N64O016893
72,3,683,1755,N64O016893,N64R006336
72,4,1755,1001,N64R006336,N64V014706
72,5,1001,2666,N64V014706,N64N019546
73,0,1798,1468,S8T1009080,S8V1000200
73,1,1798,867,S8T1009080,S8TA015037
73,2,1798,2551,S8T1009080,S7E7024392
73,3,1468,867,S8V1000200,S8TA015037
73,4,867,2551,S8TA015037,S7E7024392
74,0,3467,5095,S0VJ000140,S1IS000071
75,0,797,633,S4M1008977,S4LG020136
75,1,797,1272,S4M1008977,S4MO000402
75,2,633,1272,S4LG020136,S4MO000402
75,3,1272,628,S4MO000402,S4Q4053247
75,4,1272,841,S4MO000402,S4QA069922
75,5,628,841,S4Q4053247,S4QA069922
75,6,1272,828,S4MO000402,S4MV001785
76,0,144,273,S7RI000306,S7RJ094618
76,1,144,688,S7RI000306,S77W021688
76,2,273,542,S7RJ094618,S48Z000343
76,3,688,542,S77W021688,S48Z000343
77,0,848,248,NCKS000985,NCKM000362
77,1,248,401,NCKM000362,NBWM012364
77,2,401,848,NBWM012364,NCKS000985
78,0,922,960,S43R013110,S44M009587
78,1,960,1120,S44M009587,S79S000397
79,0,4205,2014,SCA9022488,SCA3019217
79,1,2014,1676,SCA3019217,SCEU027727
79,2,1676,965,SCEU027727,SCF2033527
79,3,965,955,SCF2033527,SCER002930
79,4,955,1086,SCER002930,SCER000332
79,5,1086,2342,SCER000332,SC9V063074
79,6,2342,4221,SC9V063074,SC9V053499
79,7,4221,3187,SC9V053499,S9P5109094
79,8,3187,3344,S9P5109094,S9P4000327
80,0,2966,1436,S2KD000450,S2K1000422
80,1,1436,2925,S2K1000422,S2JY000045
81,0,1410,375,S11Y000081,S14W000313
81,1,1410,1640,S11Y000081,S11U000236
81,2,375,706,S14W000313,S1JY000213
81,3,1640,706,S11U000236,S1JY000213
82,0,40,189,S7UK030176,S7V4000271
82,1,189,202,S7V4000271,S7WA012803
82,2,202,40,S7WA012803,S7UK030176
83,0,1073,701,S9LG078131,S9OA044990
83,1,701,1896,S9OA044990,S9JV081344
83,2,1896,3099,S9JV081344,SA87000241
83,3,3099,1073,SA87000241,S9LG078131
84,0,928,313,S7PN000262,S7VV000402
84,1,313,1542,S7VV000402,S7QS043610
85,0,3078,435,N2O7142519,N1U3085224
85,1,435,668,N1U3085224,N1TZ126468
85,2,668,1313,N1TZ126468,N278125144
85,3,668,1314,N1TZ126468,N278125552
86,0,3321,1501,N0FB000377,N2L8051127
86,1,1501,1900,N2L8051127,N2L1000672
86,2,1900,777,N2L1000672,N0EG021971
86,3,777,3321,N0EG021971,N0FB000377
87,0,24,19,S7OV000517,S7LH000444
87,1,168,17,S7L9024980,S7OK000765
